EXEMPLOS DE SAÃDAS

    1

>>> (1 x 1)


==============================

    1    2    3    4    5    6    7
   30   31   32   33   34   35    8
   29   52   53   54   55   36    9
   28   51   66   67   56   37   10
   27   50   65   68   57   38   11
   26   49   64   69   58   39   12
   25   48   63   70   59   40   13
   24   47   62   61   60   41   14
   23   46   45   44   43   42   15
   22   21   20   19   18   17   16

>>> (10 x 7)


==============================

    1    2
    6    3
    5    4

>>> (3 x 2)


==============================

    1    2    3    4    5    6    7    8    9   10   11   12   13   14   15
   34   35   36   37   38   39   40   41   42   43   44   45   46   47   16
   33   60   59   58   57   56   55   54   53   52   51   50   49   48   17
   32   31   30   29   28   27   26   25   24   23   22   21   20   19   18

>>> (4 x 15)


==============================

    1    2    3    4    5
   16   17   18   19    6
   15   24   25   20    7
   14   23   22   21    8
   13   12   11   10    9

>>> (5 x 5)


==============================

    1    2    3    4    5    6    7    8    9   10
   36   37   38   39   40   41   42   43   44   11
   35   64   65   66   67   68   69   70   45   12
   34   63   84   85   86   87   88   71   46   13
   33   62   83   96   97   98   89   72   47   14
   32   61   82   95  100   99   90   73   48   15
   31   60   81   94   93   92   91   74   49   16
   30   59   80   79   78   77   76   75   50   17
   29   58   57   56   55   54   53   52   51   18
   28   27   26   25   24   23   22   21   20   19

>>> (10 x 10)
